  -124.00000000000396     
  -106.23938359999927     
  -85939.118765719395     
  -92.139866299998474     
  -2244.0989858487715     
  -166093.47098778712     
  -71.364609200018563     
  -39750.359858632160     
  -4350.2217372802197     
  -151099.93001862441     
  -21.286199999999731     
  -196.77438770000032     
  -9434.8387100699565     
  -133.18703119999972     
   2273.7136660282913     
  -5229.9200240679393     
  -168.94316844999864     
  -3867.2835381547620     
  -453.49958381024726     
  -8210.6025541635354     
   0.0000000000000000     
   0.0000000000000000     
   0.0000000000000000     
   0.0000000000000000     
   0.0000000000000000     
   0.0000000000000000     
   0.0000000000000000     
   0.0000000000000000     
   0.0000000000000000     
   0.0000000000000000     
  -3.2140000000000009     
   15.464866700000009     
  -103.44189316777494     
  -31.832703799999980     
   355.64911012899955     
  -519.75206220192479     
  -35.372919550000013     
   223.51392359468744     
  -225.25126403877496     
  -571.04982031056852     
  -1.1249999999999798     
   24.524558049999982     
   114.69680078868750     
   5.6572000499999753     
   134.33973486098768     
  -13.134547048512946     
  -1.2681639250000756     
   22.770161970481432     
   321.28118709743057     
  -255.58259174265314     
  -3.1815000000000850     
  -31.270486375000075     
  -670.92412731014065     
   19.991683974999983     
   294.11769574454337     
  -35.914873095543200     
  -30.021022037499943     
  -1033.6217227702846     
   1026.0781439601817     
  -1692.4142888161746     
 -0.37350000000000033     
  -6.6976407249999941     
  -84.646359176193641     
  -4.6200112750000075     
  -77.511902891306264     
  -59.497622686193736     
  -6.2520498124999984     
  -117.90415027678421     
  -82.181484607115607     
  -109.63657215401082     
  -4.8697000000000310     
  -23.881326524999949     
  -238.13391018900597     
  -38.942319425000058     
  -301.17773061683079     
  -772.52952629695471     
   10.041651712500023     
   176.02519388566495     
  -66.536391865722109     
  -502.01785385483527     
  -2.4171999999999927     
   42.902819600000043     
  -207.60802778642534     
  -40.957645899999946     
   310.76358641495011     
  -132.08612658257437     
   32.497744249999997     
  -144.11752404587489     
  -319.73193749038751     
   170.68928010580561     
  -6.1053000000001241     
  -27.764764724999949     
  -376.51136874977993     
   33.348915025000025     
   350.58153616985595     
  -533.92573687923129     
  -3.1389051374998775     
  -398.48738996208590     
   176.61719098949527     
   430.50341953338148     
  -7.6159000000000106     
  -7.3318772500006641     
  -81.095769814965024     
   59.083837049999723     
  -1901.2638464742215     
  -6421.7524956237603     
  -154.27865237500012     
  -464.31435112992062     
   1984.4394212165557     
  -3664.3491782073761     
   0.0000000000000000     
   0.0000000000000000     
   0.0000000000000000     
   0.0000000000000000     
   0.0000000000000000     
   0.0000000000000000     
   0.0000000000000000     
   0.0000000000000000     
   0.0000000000000000     
   0.0000000000000000     
   0.0000000000000000     
   0.0000000000000000     
   0.0000000000000000     
   0.0000000000000000     
   0.0000000000000000     
   0.0000000000000000     
   0.0000000000000000     
   0.0000000000000000     
   0.0000000000000000     
   0.0000000000000000     
  0.85600000000000220     
  -5.2523926000000047     
   193.63456478420031     
   1.9956120000000050     
   92.969050050150244     
   28.918179944700185     
   17.140555000000013     
   87.603182507825238     
   199.17812521529999     
   416.27302426777510     
   0.0000000000000000     
   0.0000000000000000     
   0.0000000000000000     
   0.0000000000000000     
   0.0000000000000000     
   0.0000000000000000     
   0.0000000000000000     
   0.0000000000000000     
   0.0000000000000000     
   0.0000000000000000     
  -3.1083000000000034     
   19.197065674999948     
  -444.11214051796827     
   58.791801425000088     
  -345.12633795020633     
   47.142581782684232     
   25.328291337499945     
  -22.523035688708696     
   450.25913051802144     
   306.27678592353362     
  -1.5475999999999970     
   5.5227560999999685     
  -40.723198040625235     
  -3.5156844000000005     
  -154.75827698845006     
  -264.16315911497531     
  -17.342720850000010     
  -31.137441251387862     
  -64.841698388125025     
  -310.83053607930594     
  -4.6677999999999882     
  -90.812627449999965     
  -291.65117248033664     
  -27.568712050000112     
   698.67233424361325     
  -1220.4707365002346     
   20.741107874999937     
   64.014492875930301     
   234.43449974160555     
  -1275.2314982662335     
  0.85180000000000200     
  -23.906472549999997     
   369.09204914678674     
  -3.5837350000006651E-002
   75.896335745937506     
   84.278744308637641     
   2.1331237250000226     
  -47.786500370281544     
   59.101862938718732     
   185.56778816876027     
  -22.279100000000046     
  -194.10346334999898     
  -3942.4468487693607     
   14.805407549999172     
   96.312557946783016     
  -8442.9016679563920     
  -377.21278107500279     
  -2454.2445490723912     
  -2586.5651631372798     
  -12342.554358385953     
 -0.95619999999998850     
  -21.220160149999963     
   54.851167844837633     
   49.163073149999988     
   541.90891871681185     
  -648.19989545106228     
  -41.301106724999897     
  -97.508232103318022     
   768.92138185824376     
  -776.82307390238998     
  -4.4863000000000248     
   38.371542925000014     
  -447.36362696664401     
  -29.940567475000027     
   42.717423923856607     
  -473.58335243364292     
  -39.444466937500088     
   430.28784225807880     
  -615.69981864342014     
  -841.35265893021176     
   1.8200000000000049E-002
  -1.6530633499999976     
  -35.680254792062478     
 -0.93705654999999921     
   20.716437046737521     
   27.328365347937442     
 -0.60978672499998687     
  -35.274161414868651     
   1.0235792843812135     
  -28.428218729615388     
  0.40290000000000004     
  -3.6572924749999993     
   34.656263983181240     
  -5.8869330250000003     
   50.924526033143735     
   87.955643860431238     
   8.5511177125000000     
  -77.636275726221868     
  -124.87452947571563     
   181.80331432385779     
  -1.4678999999999753     
 -0.65645532499997583     
  -169.25604238609395     
  -3.8223240750000729     
   54.193768752843987     
  -212.29352272559333     
   12.415020687500043     
   358.46712209221624     
   1073.4611082946096     
   70.608614153764904     
  -6.7477000000001137     
  -29.579554725000069     
  -33.830574119230640     
  -61.768697824999983     
   202.91800915249362     
  -689.32657404908161     
  -10.311512537499953     
   221.32762579714083     
  0.83458691372667215     
  -592.65952348622898     
  -1.7536999999999989     
  -6.0415801749999822     
   65.395500655693837     
  -20.716506674999991     
  -340.50386395258084     
   53.337151889043589     
  -4.3699608874999925     
  -17.722443450153257     
   26.613133585759158     
  -846.90613728047663     
  -7.2884000000000251     
   27.520177400000001     
  -723.95272011267548     
   1.3421426999999833     
  -186.49886808189925     
  -584.62751094042437     
  -36.793331549999891     
   183.01180001217543     
   123.15740059131238     
  -495.45008060123007     
  -8.2897000000000975     
   30.910103650000178     
  -331.21204003982365     
   122.80235235000011     
  -2135.7289732588779     
  -4914.9267662702150     
  -65.718663324999824     
  -1897.2013221062386     
   724.12137728474124     
  -2647.5758714736517     
  -3.6315999999999971     
   20.261558799999992     
  -210.52365065172492     
   33.550076000000018     
  -196.10299090147490     
  -357.11691239132460     
  -37.506541650000003     
   114.01260877142496     
   378.36638588412507     
  -807.57237817256907     
   0.0000000000000000     
   0.0000000000000000     
   0.0000000000000000     
   0.0000000000000000     
   0.0000000000000000     
   0.0000000000000000     
   0.0000000000000000     
   0.0000000000000000     
   0.0000000000000000     
   0.0000000000000000     
   0.0000000000000000     
   0.0000000000000000     
   0.0000000000000000     
   0.0000000000000000     
   0.0000000000000000     
   0.0000000000000000     
   0.0000000000000000     
   0.0000000000000000     
   0.0000000000000000     
   0.0000000000000000     
   0.0000000000000000     
   0.0000000000000000     
   0.0000000000000000     
   0.0000000000000000     
   0.0000000000000000     
   0.0000000000000000     
   0.0000000000000000     
   0.0000000000000000     
   0.0000000000000000     
   0.0000000000000000     
  -3.1777999999999964     
  -10.588423549999968     
   158.10013728858792     
  -21.665916750000026     
   602.28981427868848     
  -602.51478682426034     
  -74.903104175000067     
  -168.47342117480599     
   278.15746430414333     
  -535.48608231710205     
  -2.9214999999999942     
   25.326530224999974     
  -375.73074044729327     
  -28.575559574999989     
   156.39044349695632     
  -751.62212997919323     
   14.587960987500015     
  -205.05667510632816     
  -79.025183548003127     
   473.70891666360177     
   1.8364000000000036     
  -37.922025699999949     
   55.827554416475650     
  -39.294042599999976     
   51.744747522199788     
   488.14862279962483     
   39.595014249999970     
  -511.09552229533716     
  -507.67608240182460     
   796.42814761414490     
 -0.39519999999999944     
   10.436812299999985     
  -113.27970521924981     
  -15.000658299999978     
   61.507008059949527     
   106.85718649774969     
   14.768044700000008     
  -136.51174584091254     
  -461.33673419233747     
  -44.918032828299815     
  -10.520999999999848     
  -35.427548599999987     
  -2062.4011270014648     
   20.845880400000578     
   416.07561941325679     
  -5602.6916176122450     
   197.50689455000008     
  -1198.4615440467990     
  -793.43561268474900     
  -4765.0274208523961     
  -1.0366999999999984     
  -9.3007352250000022     
  -112.89021192179375     
   27.715307125000017     
   322.06116807891851     
   396.58625215305614     
   35.752348412499977     
   298.89070990519679     
   141.63619888989069     
  -584.89917223009809     
  -3.2347999999999852     
  -24.590190300000064     
  -571.36063500897444     
   14.815467599999932     
   232.21122157189967     
  -676.64392097292284     
  -47.297457050000034     
  -238.10849815716278     
   11.381616167274920     
  -274.63980319521988     
  -6.1008000000000200     
  -50.264763799999997     
  -584.14751245679895     
   48.161760099999952     
   280.66453946272492     
  -1048.6906467056494     
   21.921660299999967     
   137.45999472679983     
  -187.31001690491212     
  -225.05956508529971     
  -1.7459999999999807     
  -49.271189299999989     
   86.728479568274508     
  -38.020197100000004     
  -792.17505628497543     
  -646.95839669932536     
  -84.943812049999991     
  -1289.2365922340141     
  -203.97078795648687     
  -1449.4306896563278     
   0.0000000000000000     
   0.0000000000000000     
   0.0000000000000000     
   0.0000000000000000     
   0.0000000000000000     
   0.0000000000000000     
   0.0000000000000000     
   0.0000000000000000     
   0.0000000000000000     
   0.0000000000000000     
  0.39920000000000000     
   5.0687422000000000     
   64.359086898950011     
   3.4595669999999994     
   43.926987090749989     
   29.981472513749985     
  -8.3902358999999986     
  -106.53292278127498     
  -72.711881868374974     
   176.34283180773741     
   0.0000000000000000     
   0.0000000000000000     
   0.0000000000000000     
   0.0000000000000000     
   0.0000000000000000     
   0.0000000000000000     
   0.0000000000000000     
   0.0000000000000000     
   0.0000000000000000     
   0.0000000000000000     
   1.1981000000000008     
   39.904399325000014     
   287.43990129598131     
   12.872715975000022     
   231.36898694674375     
   305.61403105103182     
  -16.963538512500001     
  -657.52582712890273     
  -298.14610625605906     
   405.79117927483253     
  -21.143699999999928     
   70.472432749999697     
  -6235.1807059088933     
  -147.80011934999828     
  -4381.1258993467764     
  -5139.8729387417143     
   234.51793262499979     
  -2058.7690974039324     
   90.327832707088987     
  -12739.532513321179     
 -0.73949999999998917     
   14.285357874999958     
   63.681142237481282     
   20.725608525000030     
   49.983021097318591     
   276.47440091708035     
  -49.191066737500122     
   303.33058758650895     
  -482.49116938801018     
   152.74681943657080     
 -0.52460000000000051     
   5.3375826499999945     
  -60.578676169487352     
  -5.9976187499999956     
   59.250432824362449     
  -70.310494739987362     
   12.914316725000004     
  -123.48443557139349     
   149.21446377053118     
  -286.05196424412162     
  -8.9734000000001100     
   23.280641549999789     
  -12.276632968538546     
   169.45361244999992     
  -575.06911598196405     
  -1009.1553717486886     
   66.866149924999988     
  -142.42942500480552     
  -920.02057670424017     
  -1099.7042591671050     
  -5.7165000000000159     
  -17.004616825000028     
  -298.23410622083162     
  -51.567876274999875     
  -126.61114290204381     
  -958.22076375858194     
  -33.862748062499968     
  -97.988906054878328     
  -276.47822959365965     
  -1211.6220731943947     
  -2.3811000000000009     
   7.6424092749999941     
  -44.325998612018637     
  -15.423181075000013     
   15.665065982368780     
  -223.14318115111917     
   32.150921787500003     
  -100.13763544479684     
   176.04124255577221     
  -434.66346304731746     
   0.0000000000000000     
   0.0000000000000000     
   0.0000000000000000     
   0.0000000000000000     
   0.0000000000000000     
   0.0000000000000000     
   0.0000000000000000     
   0.0000000000000000     
   0.0000000000000000     
   0.0000000000000000     
 -0.86279999999997115     
  -25.576436899999933     
  -644.47480675342558     
  -5.0198398999999618     
   525.49059671342457     
   399.32442179047706     
  -33.437783750000101     
   403.80057158531184     
   292.12296597398813     
  -2.1090346998804819     
  -1.9457999999999822     
  -4.8685348500000174     
   1.4273336697874370     
  -19.674945849999947     
   154.35850418623744     
  -450.28138770316144     
   5.6502606249999721     
  -132.34178824059433     
  -153.64700606386884     
  -246.39899476640110     
  -6.2044999999999773     
   53.669516250000186     
   1278.0153467732807     
   137.36311854999991     
   1938.3127523790217     
  -4203.1278628263335     
  -7.9028335750003551     
  -4837.2025057307064     
  -983.98888755319103     
   390.59952736846725     
  -4.1697999999999888     
  -42.119756849999945     
  -499.20747626506170     
  -22.468033649999942     
  -181.12413310941201     
  -411.14952545661242     
   38.003675475000030     
   450.58805133681886     
   105.42299157926827     
  -772.69812056967862     
   2.4716999999999891     
  -6.8830195749999943     
   554.76079002563165     
   57.266221425000005     
  -376.35582390881973     
   87.502421432131896     
  -62.166392237499593     
   169.57312527835219     
  -843.39486494782125     
   1585.4241515279193     
 -0.91709999999999903     
  -3.5953674249999676     
  -36.590524405668255     
   18.673172874999999     
   126.90215537645614     
  -268.21848858771875     
  -8.3063213375000444     
  -177.73513674175356     
  -105.53463592691548     
   232.43638574489523     
 -0.52299999999999391     
   63.147599449999952     
   52.185789949012829     
   7.0495159499999653     
  -233.95921591146222     
  -557.15767061208828     
  -2.3788937750000283     
  -729.94842854316857     
   119.71086952619328     
   98.661029256127904     
   0.0000000000000000     
   0.0000000000000000     
   0.0000000000000000     
   0.0000000000000000     
   0.0000000000000000     
   0.0000000000000000     
   0.0000000000000000     
   0.0000000000000000     
   0.0000000000000000     
   0.0000000000000000     
  -3.0662999999999938     
  -12.947294175000010     
  -70.404815547843597     
   19.179765224999990     
   41.714028768906196     
  -207.10789779374318     
   25.385919837499980     
   26.800659746709286     
  -213.47479893721527     
  -447.91106192882285     
   0.0000000000000000     
   0.0000000000000000     
   0.0000000000000000     
   0.0000000000000000     
   0.0000000000000000     
   0.0000000000000000     
   0.0000000000000000     
   0.0000000000000000     
   0.0000000000000000     
   0.0000000000000000     
   0.0000000000000000     
   0.0000000000000000     
   0.0000000000000000     
   0.0000000000000000     
   0.0000000000000000     
   0.0000000000000000     
   0.0000000000000000     
   0.0000000000000000     
   0.0000000000000000     
   0.0000000000000000     
  -26.659899999999833     
   268.91734985000022     
  -7729.0614043805754     
  -66.613596050000382     
   1422.8993646678739     
  -5310.6774612237741     
   490.04459007499855     
  -6772.4712239099763     
   4571.8886757635673     
  -19627.629333198489     
  -7.7949000000000144     
   15.024766824999965     
  -395.51587558933238     
  -58.372001124999947     
   320.10969213150622     
  -995.65293224558218     
  -8.9741833625000282     
  -353.53874933469757     
   184.09125471750852     
   67.470138656757030     
  -1.3067999999999762     
  -20.661325800000004     
   137.27945847427469     
  -61.856396699999870     
   570.44885232105207     
  -11.497465015675298     
   68.399529050000169     
  -504.05781617582505     
  -11.814173029987739     
  -375.70616849531763     
  -11.402799999999999     
   11.841988100000005     
  -1410.2297588893753     
   32.868930800000001     
  -266.45443980524999     
  -1079.3629570730252     
   96.772821349999987     
  -149.90332325576179     
  -385.63242845572648     
  -1813.1922662659931     
  -4.1999999999978166E-003
  -7.9743928500000294     
   183.47028571143750     
  -21.109290849999972     
   268.25144504883735     
   291.24078777798769     
  -33.680194825000008     
   436.42959392571868     
   72.660742442318579     
  -214.77261136134084     
  -1.5857999999999852     
   2.9077932500000565     
   90.069614629887710     
  -19.926460249999970     
  -119.15871586213822     
  -230.27912855861143     
   40.474475124999984     
   342.19503677091944     
   292.82645180955620     
  -585.54058729185192     
  -2.4116999999999864     
   23.861178674999962     
  -419.73477032713146     
   35.382296274999945     
  -428.73091289253114     
   53.251869480468770     
  -24.339955987500073     
   233.99848051590334     
  -416.67562972299680     
  -537.48217903764782     
 -0.96349999999999991     
  -8.4718660250000024     
  -79.655578825068758     
   16.020394275000001     
   140.90817993285631     
  -266.16698086031869     
   18.200933287499993     
   160.14405072369061     
  -302.46320826629676     
  -343.79705272774186     
  -1.1901999999999995     
   14.603336649999999     
  -191.34687980628746     
   18.383995149999997     
  -222.26954375376241     
  -287.12884693458739     
   21.843393874999990     
  -274.40733842830622     
  -333.55320309076853     
  -410.46665323062138     
